Vehicle sizes,MIX01,PLA01,HAR01,MET01,PAP01,TIM01,DMR01,CEIL01,HAZ01,GLA01,MUN01,CON01,BRI01,FURN01,FLO01,INS01,GARD01,TIL01,NON01,NHM01,OTH
3.50 (cage/rigid),220,220,220,220,360,220,220,220,220,220,220,220,220,220,220,220,220,220,220,220,220
7.50 (cage/rigid),300,300,300,300,300,300,300,300,300,300,300,300,300,300,300,300,300,300,300,300,300
18.00 (8yd),220,220,220,220,220,220,220,220,220,220,220,220,220,220,220,220,220,220,220,220,220
18.00 (12yd),270,270,270,270,325,270,270,270,270,270,270,270,270,270,270,270,270,270,270,270,270
18.00 (rigid),220,220,220,220,220,220,220,220,220,220,220,220,220,220,220,220,220,220,220,220,220
25,770,770,770,770,770,770,770,770,770,770,770,770,770,770,770,770,770,770,770,770,770
32.00 (20yd MR),276,276,276,150,276,276,276,276,276,276,276,276,276,276,276,276,276,276,276,276,276
32.00 (20yd Hd),320,320,320,320,320,320,320,320,320,320,320,320,320,320,320,320,320,320,320,320,320
32.00 (40 yd),360,360,360,360,360,360,360,360,360,360,360,360,360,360,360,360,360,360,360,360,360
36,700,700,700,700,700,700,700,700,700,700,700,700,700,700,700,700,700,700,700,700,700
40,700,700,700,700,700,700,700,700,700,700,700,700,700,700,700,700,700,700,700,700,700
44.00 RCY,700,700,700,700,700,700,700,700,700,700,700,700,700,700,700,700,700,700,700,700,700
44.00 LF,700,700,700,700,700,700,700,700,700,700,700,700,700,700,700,700,700,700,700,700,700
